marija1234, 4, 11,000559
marija1, 5, 6,422323
ivana,3,7,2131711
jovana12,4,9,8624831
milann,7,11,6530907
milan6,7,11,4466529
markooo,1,9,395432
rope2,4,6,2810614
nikola1,4,8,3654513
ona123,3,8,5864053
user12,3,6,7112007
jovov,5,9,4366924
abc123,4,5,9206723
ab12,2,5,3089923
anaa122,5,8,6043234
mara12,3,9,628534
milann1,3,7,6642167
anaaa,5,9,0195914
milan11,3,9,1501222
jovan11122,5,10,3191342
a11,5,9,9496123
aa11,3,5,602717
aaa11,7,9,1240776
bca123,6,11,1351776
aaa111,6,11,9964026
acv12,8,12,4485594
baa12,8,12,2817027
mica12,7,14,1227708
mica12,4,11,2658484
ana3456,5,8,8088879
ana3456,3,7,2115438
milan4312,6,9,6403868
milan543210,5,12,3143739
milan543210,2,12,1177118
abcc0,3,6,6730216
abcc0,0,7,1512972
abcc0,1,4,9454506
bcaa22,2,5,4884839
bcaa22,4,11,0316074
ana334,6,8,3085455
ana334,6,8,3581832
milan000,5,12,072958
